Sample	cleanN	rRNA_N	miRNA	piRNA	Y_RNA	snRNA	snoRNA	srpRNA	tRNA	lncRNA	mRNA	hg38other	nonHuman_N
10515058-A	100	5.97736150640214	26.5902231169297	2.36421772043716	39.3075996246075	0.239218058506778	4.23479746024076	0.0232321438391546	0.135685366273634	6.01611104550056	0.634484543006512	8.79344081843498	5.6836285958211
12402567-A	100	1.93932272467961	46.1503727731781	1.67938387953004	15.3227056379083	0.0299776440920345	0.742425994484459	0.0115049072415427	0.162544107510774	11.18115911916	0.747481502116034	6.2124249313769	15.8206967787222
13515292-A	100	0.812682435189229	32.5159932757617	0.565365593506197	27.2957198239119	0.120885760373848	0.0663806220190965	0.0179060201815247	0.0792466609956816	12.7874340523267	0.600898131805973	10.3569087062858	14.7805789176423
17402567-B	100	2.05913141524003	37.6528799988505	1.10902103119172	17.3527872649081	0.0594782348120295	0.262898957098112	0.0219970761242525	0.171109452103957	10.6391018302599	0.731762008435808	6.93172468290675	23.0081080480688
249136-B	100	7.41921028508819	22.6750722513195	3.59192049586872	12.6112427576227	0.178823871287608	9.59736949138808	0.0131413663493354	0.112242112691626	9.11351398739092	0.5143522057325	5.50934626199292	28.6637649132679
333874-A	100	2.44202724754127	19.4394734161151	2.12655443110555	30.1746358005258	0.0331895830426416	0.291594387100205	0.014864843004264	0.124112647322226	4.50897352294182	0.560917208694659	4.92683656826041	35.3568203443461
3497470-B	100	1.69476727933099	31.4541634465148	0.782186573832903	10.7456448011881	0.0451612178595966	0.0277975761193332	0.0163751637464568	0.127279493458286	11.2147967654016	0.707487063890037	8.98375012635733	34.2005904923006
385247-A	100	5.97902290866211	22.3302617637864	4.01865591980222	37.7932985107391	0.145038300699761	5.66929235217116	0.0203441441498192	0.14642141766202	3.84416955261096	0.78917641136473	9.03066096420781	10.233657754144
385247-B	100	4.8807533313424	30.3393021647342	2.23861666531753	25.8671128579275	0.138886919807682	4.51421458127247	0.0195434485771775	0.113114187552775	7.68275144315867	0.907878555608047	8.16499975685023	15.1328260878513
423976-B	100	2.01839465342942	18.5478415345649	1.82976666251022	36.6723243247811	0.0411881972504014	0.559506097818452	0.017468968263734	0.139731895009572	2.55581498422873	0.75132444414296	5.7021661719158	31.1644720660847
482592-A	100	2.55957972090032	33.764060815028	1.19805432279568	18.0318542819206	0.110956784322752	1.82118943245992	0.0129220483255504	0.0682885031313692	13.2693653136269	0.593144853363295	9.74856384932507	18.8220200748006
486978-A	100	2.6750315295534	35.9368741788226	1.9066950790656	26.8950414225585	0.0704995379721226	2.77832774993398	0.0108821005406975	0.113764773758772	11.8882624959513	0.630859360915152	4.86953150950832	12.2242302614196
497411-B	100	1.64487563624339	38.1510955311729	0.858262618716597	14.8995526247338	0.0598470979483644	0.0979616873567573	0.0141089836897539	0.137059565798379	19.0985245596314	0.846947207727729	7.79795243412138	16.3938120528596
497497-B	100	0.104088627912532	39.2740285760845	0.44605182921998	25.5666529945933	0.887666648637686	0.119384818690859	0.016626597171159	0.0940653043560605	12.8400550955418	0.798470213750683	7.7975884886552	12.0553208053862
498127-B	100	1.91343001011048	33.0253235901087	1.94189782650244	29.7662778790521	0.0650000318444787	0.659444644914841	0.0198941925597183	0.124547772541831	11.576155095349	0.994699586934078	9.80516888102461	10.1081604890577
498187-A	100	4.44275069516134	24.2734103916426	4.20779545659933	32.4528554510352	0.184680757691208	7.41949941936016	0.0233072605071527	0.124399950871003	8.54921920677301	0.899312097327853	9.05486963246632	8.36789968056481
498187-B	100	5.06310245036513	32.007521513485	2.44722870019668	18.0206996091522	0.115189797627619	4.78845189243884	0.0155931440939829	0.117647896362796	15.5514605152947	0.80081129347271	8.0617226577568	13.0105705297535
498191-A	100	9.48825370094468	29.9109184295038	4.01527257813677	21.3600627646826	0.125222074827648	4.5862472998665	0.0440949721109706	0.211529562492174	9.39001753612327	0.887566168771425	11.9062933450442	8.07452156749593
498221-A	100	2.13522431713514	34.2423189792473	1.15532101228368	23.9503632155343	0.313051079565725	0.78202519226627	0.0211641568285586	0.0847229800621012	15.8660629024761	0.849899313852159	13.5704687332285	7.02937811752017
498221-B	100	1.91690756544307	29.9740682828168	0.715848174036261	19.8199410564261	0.36042864833498	0.0916582515760672	0.0348302442566633	0.126847066433407	8.58977605473135	1.32459782911579	13.1804848276555	23.864611999174
507450-B	100	1.42133775562139	33.1579946386492	1.02590279524365	37.6355840490065	0.112848852349346	0.184880357485422	0.0117802156146088	0.0814425295012984	12.0511428743438	0.594667003595836	5.74279569270411	7.9796232358849
507468-B	100	3.97997236629981	27.2455567828225	2.26271808056975	27.0447695065516	0.114572295479699	2.56605260955285	0.0167009336850107	0.141421616821558	7.6630386273422	0.796785521366839	8.87960021799582	19.2888114415123
507511-B	100	7.19434522738796	23.4535827674409	4.87084932795274	26.9490382760151	0.172601731749313	9.71306336743137	0.0176022076575281	0.19921264290516	8.71399500741872	0.725317336293802	10.097968865032	7.89242324271537
507599-B	100	2.26750252809704	26.5127693616034	1.96091404307839	47.5553785828481	0.0949690438028745	0.658818589556589	0.0202237623174069	0.133839834900282	3.74035416781373	0.723297358459267	6.99833180577766	9.33360092174524
507867-B	100	5.4569384876057	23.0546482674765	3.87103132279542	39.7985650246015	0.109195603325156	7.21665725349589	0.0147887236617091	0.0952059364166376	6.31228199795868	0.47659413718478	7.28577830853021	6.30831493694781
507887-B	100	4.12436054561644	18.8807816999879	2.90128848428525	51.0723404746465	0.118275282467098	3.82007067074367	0.0162094499249562	0.104935281894277	2.80926839621613	0.661210366866313	6.09648445966078	9.39477488769071
507891-B	100	2.39590445029094	17.4602233945822	2.59777408546427	50.7509622786189	0.0322097734701273	0.469002990934739	0.0139045343697896	0.104999122292136	3.67514700099272	0.595980248198477	6.19309907295981	15.7107930478259
507909-B	100	1.54070760660374	16.2158196317884	4.59645943246709	49.6996554869405	0.0827712355486613	0.63182211034643	0.022778574421156	0.258318970513755	1.51466415660468	3.83684010963296	7.98317256568553	13.6169901194471
508877-B	100	4.17549973183169	35.5756341253267	3.09881171923809	30.7780513495522	0.0787020032288532	1.95471984861601	0.0282307590529409	0.166928435795827	7.36747136278652	0.742841762055008	6.36258697945456	9.67052192306168
508897-B	100	6.44129191665928	23.389170085332	4.1308388805196	30.8153138829956	0.0748987432169684	8.36599961425987	0.00821261578719656	0.10688650378703	6.82575492991519	0.479091842638879	4.42164262741153	14.9408983574768
508955-A	100	2.67937715414642	20.4495322567632	3.67393436533882	36.3851216506241	0.0530821688682281	0.955237183470425	0.0136780172653224	0.128420361985585	3.78933918562142	0.680948640819657	5.72669639026267	25.4646326248341
509155-A	100	1.18501901897414	31.5470158421195	0.895709451538813	33.2893705315171	0.397351981784413	0.295054437656301	0.0268278963620478	0.124845311737226	11.6441426946821	0.75559074087271	12.9779424428144	6.86112964994128
509442-A	100	1.27297851264535	36.3224916911882	0.759293059986214	14.7983067150081	0.0464205636748069	0.678377557018254	0.0102271631268914	0.0736323393493235	18.4743167383559	0.60160306434762	6.361701882441	20.6006507128583
509970-A	100	4.53389032966437	25.2502206651131	3.18080202661903	39.7089618072586	0.0794221236236342	4.55193914933132	0.0096292891952863	0.0938782525649873	5.56503159238565	0.541184101594757	4.66726866797345	11.8177719946758
510199-A	100	3.17738823832733	28.4267547745564	0.774306351170232	43.2877574674141	0.0980769701364319	1.37156717432363	0.0115095399801961	0.0370284030390337	12.5746612618273	0.520341267812711	4.40697709952802	5.31363145188456
510470-A	100	0.787030030563102	39.4061976551718	0.783449906140613	15.7941492121191	0.100970512389687	0.35256169299093	0.0180813967814171	0.113738705856938	19.3273311689366	0.628066218390026	6.23487903404077	16.453544466619
511030-B	100	1.06910025537922	23.6804431159498	1.21196630042783	11.6050919794655	0.034842937038158	0.148217752851541	0.0119901898694536	0.0902697153880401	10.3870851150477	0.551294107285463	5.06566879671761	46.1440297345796
511122-A	100	0.214690115689303	1.55684241722968	1.14985496768048	1.75299494712824	0.0208343810113563	0.0542953063065955	0.0668557837228804	0.126300419415793	0.732992464568533	1.04951494094438	14.641832467948	78.6329917883547
511485-B	100	1.22613753794062	29.4491431870632	1.01384613575928	48.4079157355011	0.0237604367465279	0.262762642405821	0.0167571830179703	0.0898891522749802	3.32434610563685	1.15941818655554	5.43792526836384	9.58809842873424
515058-A	100	0.921544611830843	36.3420781896648	1.46366687960292	33.9538866700862	0.23147583642408	0.845594369902141	0.012957304038864	0.1018749689475	11.0595320576654	0.525157863069882	7.16673748238925	7.37549376637814
515058-B	100	2.00385533709913	33.3812985350736	2.96871131048235	31.6400176098268	0.0426410168097729	0.673610144547577	0.0131692692558311	0.188543834073423	8.2209466646298	0.551585274998799	5.79270539978566	14.5229156034172
515292-A	100	0.543483427996326	32.5455810810104	0.750239855146969	39.0979496441069	0.123158694138865	0.0957920562587132	0.014603187390505	0.0609252919242234	13.5331796439774	0.451139223987063	9.05647107711897	3.72747681694369
515292-B	100	1.52207731379232	28.2882532544487	6.16506943069709	44.2420870084296	0.0973058334303251	6.45497582942551	0.00956917834613116	0.109764795563773	4.04991920587426	0.498393726603617	3.48273217920851	5.07985224418025
5474594-B	100	1.26738378950558	27.4919629597292	3.32311700195972	54.8125280372061	0.0547577434860577	0.921775282584724	0.00437583534222394	0.154546173290751	1.53303122610123	0.5291275767989	2.85561199232938	7.05178238166613
6474170-B	100	2.63989056212195	25.1401280809767	2.65335184066093	54.5765660568006	0.0562741928597762	1.13118495317331	0.00840686444128954	0.135893279858855	2.13931374440616	0.616361830158624	4.1353761917406	6.76725240280122
8397116-B	100	1.54002851400076	39.5803277791832	1.04875725148215	16.6816897364341	0.0232721995143292	0.227985100702525	0.00922608594874405	0.109396473331191	16.2315269811862	0.478310970028267	4.33121811429152	19.7382607938971
BD-LOW-mix	100	1.63498948693469	47.271054197341	0.488643083367926	11.8881307288352	0.0273692001903218	0.0556996445017852	0.0300040593727387	0.0799225397065173	22.4605465798466	0.719092799260924	6.33147985222048	9.0130678284219
CXD	100	2.78783688375618	34.8669501116491	1.15324584790062	24.6265513622641	0.0536529622090109	0.399730001895147	0.0226317517977086	0.131152564797982	7.65385742756168	1.04235857440462	11.3348313265709	15.9272011851931
LY	100	2.97831695392221	26.2790519234252	1.07245553215627	17.0096938954353	0.0379381826986961	0.514447960350189	0.0227344794048135	0.103124141338873	6.87471337578589	1.07806403808873	10.3663410814821	33.6631184359118
Normal-1	100	0.427877347788956	28.1786671405916	1.1283654799048	59.6290164061634	0.0142769143387415	0.0672362110243538	0.00510865041289046	0.0658390122031891	2.98658529841914	0.67234618126675	2.41692412823554	4.40775722965056
Normal-2	100	0.953045497306885	27.4212178725327	1.90186378947748	62.6658115548216	0.0135950543739844	0.397413947759678	0.00369002142728352	0.0785466846075448	0.822092801998958	0.545035204232373	2.14392058203515	3.05376698942643
Normal-3	100	0.620461013742578	29.6096110190465	1.48475008553003	52.694286770638	0.0133769239391821	0.082409194618053	0.00691627664646533	0.0824512186846609	4.03656863498842	0.694582620066961	2.92997321872589	7.74461302337325
Normal-4	100	0.453083296868382	28.1733245037452	1.17261174070027	48.7462212560635	0.0222449461917721	0.128930083233688	0.00500197729735042	0.0790731740419468	4.97425301450096	0.748652980805006	3.21237951941144	12.2842235071405
Normal-5	100	1.31474912683957	29.8597634368571	2.16230644001418	56.2841432059758	0.0252482404540974	0.45230595075855	0.00519065213233598	0.10331621632594	1.34018190278424	0.766948425547926	2.97319323903601	4.71265316327426
Normal-6	100	0.800810197143505	29.6596226955346	1.54460227663423	56.4396691224827	0.0165311812706794	0.0920763523356112	0.00510075804352341	0.086303838739173	1.38759484359732	0.872576963615533	2.7244501037254	6.37066166687766
Normal-7	100	1.89774859841442	33.1373551382497	2.72697691315429	52.2628241566176	0.0296980877475918	0.700425171155999	0.00531680338100939	0.119253989607281	1.363961039213	0.672125928010522	3.00306267374998	4.0812515006986
Normal-8	100	3.33917132816808	43.6701274170673	0.626659421731248	13.5062705886348	0.0305338450068972	0.0759634712943692	0.0113913672066408	0.11760406104505	12.6533848241243	0.766193966974091	6.73057734696287	18.4721223617843
SH325716-B	100	2.78979581702504	36.454562404066	3.82525473005745	36.6738383912039	0.0916961123237979	2.64680061127831	0.012995955574473	0.157299092708439	6.06424670118468	0.690879526499464	4.67902232466207	5.91360833341636
SH327409-B	100	3.42474631800505	30.0253808905968	1.59582289453747	49.6216060492968	0.0409266149733294	0.246566225494795	0.010575188738564	0.0952707878495917	4.85347335323765	0.609954042457249	4.47034430871481	5.00533332609795
SH327412-B	100	1.28350976317099	26.435765276271	4.7330560588955	56.3112922201122	0.025417703136899	0.12426274755363	0.0105824204498566	0.139229980620346	1.54175289623978	0.631873828153753	3.97340554307711	4.78985156231889
SH327428-B	100	2.39384906739501	28.0401945164227	4.02470208451676	48.5892096137036	0.0477889538638716	2.86932311890292	0.00992943535313449	0.0973631796759292	4.82620205339102	0.440380589988406	4.61278606500611	4.0482713217805
